n = 678
n = 1038
linear
0.5972222222222222 0.5180722891566265 0.5548387096774194
0.6065573770491803 0.4457831325301205 0.513888888888889
0.6119402985074627 0.4939759036144578 0.5466666666666666
0.625 0.4819277108433735 0.5442176870748299
0.6 0.43373493975903615 0.5034965034965035
0.5806451612903226 0.43373493975903615 0.496551724137931
0.5737704918032787 0.42168674698795183 0.4861111111111111
0.5737704918032787 0.42168674698795183 0.4861111111111111
0.5737704918032787 0.42168674698795183 0.4861111111111111
0.5737704918032787 0.42168674698795183 0.4861111111111111
0.5737704918032787 0.42168674698795183 0.4861111111111111
poly
0.6102941176470589 1.0 0.7579908675799087
0.6102941176470589 1.0 0.7579908675799087
0.6102941176470589 1.0 0.7579908675799087
0.6102941176470589 1.0 0.7579908675799087
0.6194029850746269 1.0 0.7649769585253456
0.6296296296296297 0.8192771084337349 0.7120418848167539
0.5942028985507246 0.4939759036144578 0.5394736842105263
0.5964912280701754 0.40963855421686746 0.4857142857142857
0.5970149253731343 0.4819277108433735 0.5333333333333333
0.5862068965517241 0.40963855421686746 0.48226950354609927
0.5576923076923077 0.3493975903614458 0.42962962962962964
rbf
0.6102941176470589 1.0 0.7579908675799087
0.6102941176470589 1.0 0.7579908675799087
0.6102941176470589 1.0 0.7579908675799087
0.6102941176470589 1.0 0.7579908675799087
0.6102941176470589 1.0 0.7579908675799087
0.6183206106870229 0.9759036144578314 0.7570093457943925
0.5975609756097561 0.5903614457831325 0.593939393939394
0.6065573770491803 0.4457831325301205 0.513888888888889
0.578125 0.4457831325301205 0.5034013605442177
0.5636363636363636 0.37349397590361444 0.4492753623188406
0.5517241379310345 0.3855421686746988 0.45390070921985815
sigmoid
0.6102941176470589 1.0 0.7579908675799087
0.6102941176470589 1.0 0.7579908675799087
0.6102941176470589 1.0 0.7579908675799087
0.6102941176470589 1.0 0.7579908675799087
0.6102941176470589 1.0 0.7579908675799087
0.6102941176470589 1.0 0.7579908675799087
0.5773195876288659 0.6746987951807228 0.6222222222222222
0.5857142857142857 0.4939759036144578 0.5359477124183006
0.5735294117647058 0.46987951807228917 0.5165562913907285
0.5735294117647058 0.46987951807228917 0.5165562913907285
0.5797101449275363 0.4819277108433735 0.5263157894736842
poly 1
________________________________________________________________________________
linear
0.6225490196078431 0.9694656488549618 0.7582089552238805
0.615 0.9389312977099237 0.7432024169184289
0.6140350877192983 0.8015267175572519 0.695364238410596
0.610062893081761 0.7404580152671756 0.6689655172413793
0.631578947368421 0.732824427480916 0.6784452296819787
0.6308724832214765 0.7175572519083969 0.6714285714285715
0.6357615894039735 0.732824427480916 0.6808510638297872
0.6266666666666667 0.7175572519083969 0.6690391459074734
0.6266666666666667 0.7175572519083969 0.6690391459074734
0.6266666666666667 0.7175572519083969 0.6690391459074734
0.6266666666666667 0.7175572519083969 0.6690391459074734
poly
0.6298076923076923 1.0 0.7728613569321534
0.6298076923076923 1.0 0.7728613569321534
0.6298076923076923 1.0 0.7728613569321534
0.6298076923076923 1.0 0.7728613569321534
0.6298076923076923 1.0 0.7728613569321534
0.6298076923076923 1.0 0.7728613569321534
0.6298076923076923 1.0 0.7728613569321534
0.6169154228855721 0.9465648854961832 0.7469879518072289
0.6101694915254238 0.8244274809160306 0.7012987012987013
0.60625 0.7404580152671756 0.6666666666666666
0.6283783783783784 0.7099236641221374 0.6666666666666667
rbf
0.6298076923076923 1.0 0.7728613569321534
0.6298076923076923 1.0 0.7728613569321534
0.6298076923076923 1.0 0.7728613569321534
0.6298076923076923 1.0 0.7728613569321534
0.6298076923076923 1.0 0.7728613569321534
0.6298076923076923 1.0 0.7728613569321534
0.6298076923076923 1.0 0.7728613569321534
0.6225490196078431 0.9694656488549618 0.7582089552238805
0.6149425287356322 0.816793893129771 0.701639344262295
0.61875 0.7557251908396947 0.6804123711340208
0.6335403726708074 0.7786259541984732 0.6986301369863014
sigmoid
0.6298076923076923 1.0 0.7728613569321534
0.6298076923076923 1.0 0.7728613569321534
0.6298076923076923 1.0 0.7728613569321534
0.6298076923076923 1.0 0.7728613569321534
0.6298076923076923 1.0 0.7728613569321534
0.624390243902439 0.9770992366412213 0.7619047619047619
0.6158940397350994 0.7099236641221374 0.6595744680851064
0.6528925619834711 0.6030534351145038 0.626984126984127
0.6528925619834711 0.6030534351145038 0.626984126984127
0.6528925619834711 0.6030534351145038 0.626984126984127
0.6528925619834711 0.6030534351145038 0.626984126984127
poly 0.01